2304
3988
3989
3990
3991
3992
4547
5530
5531
6430
7787
7788
7789
7790
7791
8079
10971
11178
11300
11301
11302
11303
12014
12015
12016
12017
12018
13749
13911
13912
13920
13921
13922
14067
14148
16437
16438
23318
23319
23418
23795
23865
24687
25309
25310
25312
25313
25333
31298
32027
32028
32081
32591
32592
33440
33441
33442
33444
33445
33446
33449
33454
33455
33456
33474
33475
33489
33490
33496
33532
33549
34181
34298
34299
34300
34301
34302
34303
34304
34305
34306
34307
34938
35330
35439
40058
40059
40060
40061
40062
40063
40064
40065
40066
40067
40068
40069
40070
40071
40124
40894
40912
40913
40914
40915
40916
40917
40918
40919
41031
41037
41141
41142
41287
41527
41528
41530
41531
41533
41535
42236
42260
42414
42415
42574
42581
42582
42590
42593
42595
42596
42597
42599
42606
42608
42718
42851
42852
42853
42854
42855
43187
43188
43212
43213
44172
44173
44482
44511
44512
44513
44514
44516
44517
44519
44653
44668
44730
44731
44732
44733
44734
44735
49345
49357
49358
49600
50742
51273
51364
51365
52460
52476
52477
52478
52479
52480
52481
52482
52483
52484
52485
52486
52487
53580
53964
53965
53976
54032
54035
54036
55186
55187
55188
55202
55203
55417
55418
55419
55420
55421
55698
55700
58359
58360
58564
60453
62290
62291
62292
62293
62294
62295
63026
65675
65676
65677
65678
65731
66780
66781
66782
66786
66787
66788
66965
67451
67458
69602
69605