2015-07-28-20-00-00 2015-07-21-21-25-00 3 7 0 1 0 2
2015-07-28-20-00-00 2015-07-21-21-25-00 3 8 0 3 0 5
2015-07-28-20-00-00 2015-07-21-21-25-00 3 9 0 4 0 6
2015-07-29-20-00-00 2015-07-21-21-25-00 3 7 0 1 0 3
2015-07-29-20-00-00 2015-07-21-21-25-00 3 8 0 2 0 4
2015-07-29-20-00-00 2015-07-21-21-25-00 3 9 0 5 0 6
2015-07-30-20-00-00 2015-07-21-21-25-00 3 7 0 1 0 4
2015-07-30-20-00-00 2015-07-21-21-25-00 3 8 0 2 0 5
2015-07-30-20-00-00 2015-07-21-21-25-00 3 9 0 3 0 6
2015-07-31-20-00-00 2015-07-21-21-25-00 3 7 0 1 0 5
2015-07-31-20-00-00 2015-07-21-21-25-00 3 8 0 2 0 6
2015-07-31-20-00-00 2015-07-21-21-25-00 3 9 0 3 0 4
2015-08-01-20-00-00 2015-07-21-21-25-00 3 7 0 1 0 6
2015-08-01-20-00-00 2015-07-21-21-25-00 3 8 0 2 0 3
2015-08-01-20-00-00 2015-07-21-21-25-00 3 9 0 4 0 5